.023671666      58.0
10.072819224    59.0
20.104483209    58.0
30.139749050    58.0
40.170717225    57.0
50.190107042    59.0
60.203512848    61.0
70.223716796    61.0
80.245516217    64.0
90.270889189    61.0
100.294080044   65.0
110.317270965   61.0
120.346000685   60.0
130.373980701   62.0
140.403434687   60.0
150.458176392   61.0
162.657248060   60.0
172.681697638   60.0
182.701352800   59.0
192.827966308   59.0
202.858534861   60.0
220.924689068   59.0
230.955331307   59.0
243.105948470   60.0
253.134054150   60.0
270.947330412   59.0
280.974520240   59.0
290.996225746   61.0
301.023669316   60.0
311.051926453   60.0
331.851022076   60.0
341.876572346   60.0
357.805199158   59.0
368.669547107   59.0
384.879355889   61.0
394.909439052   59.0
410.658309948   60.0
420.677180420   66.0
437.090199793   64.0
447.204505443   68.0
457.329168259   71.0
467.358206823   70.0
477.437799667   73.0
487.548277790   75.0
497.648211486   74.0
507.777489588   76.0
517.839011120   76.0
527.894261103   76.0
538.006480525   77.0
548.164500421   78.0
558.287912254   78.0
568.431331234   79.0
578.536331698   79.0
588.657746786   80.0
598.757445481   79.0
608.874711524   80.0
618.985136962   81.0
629.144659416   82.0
639.254311593   81.0
649.388044148   80.0
659.442921760   81.0
669.554548255   82.0
679.657967106   82.0
689.814819444   81.0
699.907594479   82.0
710.054304854   81.0
720.154348809   82.0
730.274309209   81.0
740.389849230   82.0
750.432828468   81.0
760.519413212   82.0
770.635025715   81.0
780.743040500   82.0
790.838785484   80.0
800.948695402   81.0
811.067554022   82.0
821.204358860   82.0
831.276072633   83.0
841.394201548   82.0
851.507547695   81.0
861.624617163   82.0
871.756261733   82.0
881.874523444   81.0
892.004630751   82.0
902.127955972   82.0
912.244180939   82.0
922.365156563   82.0
932.489909175   82.0
942.583499026   82.0
952.619751658   82.0
962.670564687   83.0
972.855159227   82.0
982.994774229   82.0
993.117975585   83.0
1003.235702000  83.0
1013.354529023  82.0
1023.440153146  83.0
1033.588036757  83.0
1043.719461720  83.0
1053.849292872  83.0
1063.964443946  81.0
1073.995307041  82.0
1084.077738778  84.0
1094.155262886  83.0
1104.295542879  82.0
1114.411562789  82.0
1124.476733718  82.0
1134.634699495  82.0
1144.726985156  82.0
1154.824959547  84.0
1164.921729056  82.0
1175.059656461  82.0
1185.109767212  83.0
1195.199460732  82.0
1205.329497186  83.0
1215.435101586  83.0
1225.584919525  82.0
1235.744212834  82.0
1245.874965169  82.0
1255.947825136  82.0
1266.069677654  83.0
1276.204995299  82.0
1286.304471740  83.0
1298.378619045  83.0
1308.413466294  82.0
1318.514308066  82.0
1328.602677920  82.0
1338.700152040  82.0
1348.804506405  83.0
1358.928280631  82.0
1369.075055180  83.0
1379.210334184  82.0
1389.331545678  82.0
1399.465209028  83.0
1409.595237683  83.0
1419.666790474  82.0
1429.769715934  83.0
1439.865088105  82.0
1449.974902545  83.0
1460.117553721  82.0
1470.245774529  83.0
1480.394388245  82.0
1490.502715069  82.0
1500.649548552  84.0
1510.775189678  83.0
1520.892312040  83.0
1531.010023907  83.0
1541.141189208  82.0
1551.216861313  82.0
1561.305414518  83.0
1571.384709986  81.0
1581.399420035  81.0
1591.487866939  83.0
1601.612717852  84.0
1611.765030414  83.0
1621.894840082  82.0
1632.023549099  82.0
1642.129781112  82.0
1652.249128978  83.0
1662.369494088  83.0
1672.484437109  82.0
1682.609583126  83.0
1692.735034300  83.0
1702.857557932  83.0
1712.981549291  82.0
1723.098419450  83.0
1733.246210302  82.0
1743.357280127  82.0
1753.484362271  83.0
1763.595822938  83.0
1773.689859754  83.0
1783.835223913  83.0
1793.944232195  83.0
1804.053808915  83.0
1814.165712677  82.0
1824.263048850  83.0
1834.385140216  82.0
1844.514265880  82.0
1854.614254587  83.0
1864.745094633  82.0
1874.897637875  83.0
1885.005102722  83.0
1895.117860984  83.0
1905.218990808  83.0
1915.349272981  83.0
1925.474232970  83.0
1935.594870642  83.0
1945.677600463  84.0
1955.805392643  82.0
1965.875373561  83.0
1975.965355297  84.0
1986.046529348  83.0
1996.163960188  82.0
2006.286190335  82.0
2016.399963179  82.0
2026.510209136  83.0
2036.591070928  82.0
2046.678684322  83.0
2056.789529079  82.0
2066.885664682  83.0
2077.009656121  82.0
2087.135267681  82.0
2097.226507766  83.0
2107.363051373  83.0
2117.482827695  83.0
2127.604753136  82.0
2137.678451419  82.0
2147.819823908  83.0
2157.956253292  83.0
2168.075093036  83.0
2178.199002591  83.0
2188.354610425  82.0
2198.534327928  81.0
2208.650452175  84.0
2218.769756226  82.0
2228.859448227  83.0
2238.985095198  82.0
2249.084395069  82.0
2259.205221052  83.0
2269.315765787  83.0
2279.438432065  82.0
2289.541060104  81.0
2299.664619050  82.0
2309.788868849  82.0
2319.925780631  83.0
2330.049491456  83.0
2340.144803615  82.0
2350.249966274  83.0
2360.374221536  83.0
2370.515142958  82.0
2380.581680444  82.0
2390.690618100  82.0
2400.807901631  83.0
2410.939631608  83.0
2421.006468552  84.0
2431.114463059  83.0
2441.214121680  83.0
2451.324346238  82.0
2461.465173495  84.0
2471.588018171  82.0
2481.705118139  83.0
2491.825159464  83.0
2501.941419335  83.0
2512.094377833  82.0
2522.235569602  83.0
2532.336089188  82.0
2542.389696843  82.0
2552.451173626  83.0
2562.559773462  83.0
2572.661019127  83.0
2582.726910749  82.0
2592.825091939  83.0
2602.955354055  83.0
2613.079504193  83.0
2623.164330892  83.0
2633.304448717  82.0
2643.401558364  83.0
2653.515067571  82.0
2663.615367402  83.0
2673.727770634  83.0
2683.822318533  82.0
2693.934238694  84.0
2704.048770959  83.0
2714.164862654  83.0
2724.245017597  82.0
2734.355701053  84.0
2744.428577601  83.0
2754.565419766  83.0
2764.700150682  82.0
2774.817618661  84.0
2784.933563001  84.0
2795.054463598  83.0
2805.155609745  83.0
2815.274767273  82.0
2825.385257358  83.0
2835.472058876  82.0
2845.567099833  83.0
2855.700819490  84.0
2865.800281054  82.0
2875.935440391  83.0
2885.986555613  83.0
2896.104413612  82.0
2906.245214461  82.0
2916.389497007  83.0
2926.537689840  82.0
2936.664974249  83.0
2946.788121288  83.0
2956.897353081  82.0
2967.034687491  82.0
2977.144611687  83.0
2987.224175766  82.0
2997.302057025  82.0
3007.416067125  83.0
3017.526645889  82.0
3027.682142020  82.0
3037.805161065  82.0
3047.942226310  83.0
3058.040654135  82.0
3068.185056587  83.0
3078.295177215  84.0
3088.415445532  83.0
3098.524590775  82.0
3108.635227412  82.0
3118.704602595  83.0
3128.807940992  83.0
3138.934461258  82.0
3149.019966197  82.0
3159.127828793  84.0
3169.222613874  83.0
3179.339302268  82.0
3189.464728898  83.0
3199.588151026  83.0
3209.626506919  83.0
3219.670372260  82.0
3229.794455046  83.0
3239.898320305  83.0
3249.978291163  82.0
3260.129502458  83.0
3270.253495103  83.0
3280.374991479  84.0
3290.458028548  82.0
3300.530943497  83.0
3310.638328651  83.0
3320.744301563  83.0
3330.825572553  83.0
3340.939398235  83.0
3351.054810599  84.0
3361.125235194  82.0
3371.206201993  83.0
3381.324641234  83.0
3391.484491070  84.0
3401.617662254  84.0
3411.708221233  83.0
3421.807962255  82.0
3431.906910381  83.0
3442.015168464  83.0
3452.077108652  82.0
3462.505082398  83.0
3472.589033198  83.0
3482.714353845  82.0
3492.855028927  82.0
3503.005137824  83.0
3513.189395497  83.0
3523.306086893  83.0
3533.388602365  83.0
3543.489414415  83.0
3553.645114551  83.0
3563.785159346  83.0
3573.905121993  82.0
3584.029272405  82.0
3594.128782288  83.0
3604.225180364  83.0
3614.355160682  84.0
3624.476904357  83.0
3634.525932432  82.0
3644.618387734  83.0
3654.745498734  83.0
3664.861695050  83.0
3674.985016284  82.0
3685.147494267  84.0
3695.207716387  84.0
3705.329306047  83.0
3715.460186810  83.0
3725.596714899  83.0
3735.755199735  84.0
3745.875254360  83.0
3756.005190789  83.0
3766.127463110  82.0
3776.222038992  84.0
3786.329313990  83.0
3796.430260650  83.0
3806.545219906  83.0
3816.683998772  83.0
3826.815247066  82.0
3836.965697834  82.0
3847.063734996  83.0
3857.174543420  82.0
3867.223888851  83.0
3877.397806464  82.0
3887.510971441  82.0
3897.579215895  82.0
3907.705870050  82.0
3917.837920871  82.0
3927.969839678  83.0
3938.094969654  83.0
3948.235206348  83.0
3958.354679103  84.0
3968.484337183  83.0
3978.609630859  82.0
3988.758920553  83.0
3998.885123400  83.0
4008.989932045  83.0
4019.095176428  83.0
4029.225572606  84.0
4039.349938639  84.0
4049.459903630  83.0
4059.539507617  83.0
4069.574548733  82.0
4079.594129784  78.0
4089.611897706  77.0
4099.630293229  75.0
4109.644551786  76.0
4119.669118834  73.0
4129.698152331  76.0
4139.786314094  81.0
4149.894285722  83.0
4160.005744228  83.0
4170.104250700  78.0
4180.244777524  80.0
4190.301536380  82.0
4200.358770686  78.0
4210.463122200  82.0
4220.500933643  82.0
4230.595396322  83.0
4240.696343953  82.0
4250.794255378  82.0
4260.917777322  82.0
4271.034431019  82.0
4281.155088841  83.0
4291.200612440  81.0
4301.283664414  82.0
4311.360995652  82.0
4321.463678891  83.0
4331.577743954  83.0
4341.648704932  83.0
4351.739957463  83.0
4361.864176643  83.0
4371.946539471  83.0
4382.025242730  78.0
4392.055724337  77.0
4402.087383543  74.0
4413.852396373  73.0
4423.878542272  73.0
4433.914165763  73.0
